Started to create proximity matrices offline
Finished to create proximity matrices
cb dict has been calculated
PDF: [ 49  85 123 146 136 139 177 142 183 136 160 140 146 118 103 113  97  89
  74  89  67  81  85  60  62  56  42  39  61  37  31  39  43  28  27  22
  27  23  20  26  17  20  10  13  12   6   5   4   5   0   1   0   1   1
   1   0   0   0   0   0   0   0   0   0   0   0   0   0   0   0   0   0
   0   0   0   0   0   0   0   0   0   0   0   0   0   0   0   0   0   0
   0   0   0   0   0   0   0   0   0   0   0]
Bins: [  0   1   2   3   4   5   6   7   8   9  10  11  12  13  14  15  16  17
  18  19  20  21  22  23  24  25  26  27  28  29  30  31  32  33  34  35
  36  37  38  39  40  41  42  43  44  45  46  47  48  49  50  51  52  53
  54  55  56  57  58  59  60  61  62  63  64  65  66  67  68  69  70  71
  72  73  74  75  76  77  78  79  80  81  82  83  84  85  86  87  88  89
  90  91  92  93  94  95  96  97  98  99 100 101]
Expected Value 14.742757
